0.0110201
0.0855268
0.535272
0.0732345
1.03109
-0.00642436
1.55528
0.00584034
2.06426
-0.0267918
2.58908
0.0189218
3.0946
-0.0582733
3.59671
-0.016651
4.09814
-0.0532643
4.60439
-0.0464615
5.12199
-0.0642249
5.64
-0.0562313
6.14719
0.00800541
6.65385
-0.0618864
7.16719
-0.0859792
7.66451
0.00779714
8.07108
0.300356
8.36337
0.714717
8.68198
1.10395
8.98761
1.51956
9.31173
1.91183
9.31671
2.43919
9.4191
2.9686
9.41748
3.49833
9.59183
3.99776
9.74733
4.50796
9.82254
5.03253
9.92108
5.55356
9.96134
6.08417
10.064
6.58832
10.1854
7.09913
10.1866
7.61204
10.1876
8.13621
10.2045
8.66171
10.1017
9.16089
10.0502
9.6848
10.031
10.1859
9.97995
10.7038
9.95724
11.2244
9.86188
11.7248
9.60931
12.1853
9.31868
12.6033
8.99092
13.0186
8.55032
13.2765
8.16139
13.6188
7.73118
13.9223
7.23939
14.1483
6.84021
14.4943
6.4433
14.8098
5.95367
14.982
5.50348
15.2292
5.05377
15.4919
4.52981
15.4243
4.01091
15.4914
3.51155
15.5957
3.00317
15.6598
2.50209
15.7287
2.00318
15.8007
1.48737
15.7736
0.99122
15.9195
0.470358
16.0033
-0.0420736
16.0025
-0.579795
16.0732
-1.09373
16.0787
-1.62237
16.0727
-2.13362
16.0969
-2.63366
16.172
-3.13316
16.2081
-3.63512
16.2397
-4.1323
16.1745
-4.64741
16.1395
-5.17574
16.175
-5.67537
16.1071
-5.9667
15.6962
-6.21022
15.2415
-6.49088
14.8256
-6.86029
14.4641
-7.19389
14.0721
-7.41234
13.5997
-7.68859
13.1776
-8.06952
12.799
-8.27583
12.3338
-8.63596
11.951
-8.89518
11.5083
-9.2163
11.0905
-9.4988
10.6483
-9.74517
10.1973
-9.99644
9.75215
-10.1582
9.2555
-10.2608
8.74728
-10.3174
8.21184
-10.4843
7.71357
-10.5651
7.21813
-10.5902
6.68237
-10.6413
6.1731
-10.6744
5.64327
-10.8094
5.12678
-10.753
4.6214
-10.6527
4.11395
-10.5227
3.61921
-10.5143
3.11834
-10.2314
2.69369
-9.74673
2.47515
-9.28873
2.22736
-8.80118
2.0796
-8.27679
2.02281
-7.76461
1.94196
-7.2665
1.86453
-6.75777
1.7784
-6.23927
1.74198
-5.72765
1.59518
-5.22782
1.50155
-4.73072
1.40778
-4.23652
1.22877
-3.72164
1.16055
-3.22443
0.97842
-2.72441
0.877584
-2.24631
0.714942
-1.77818
0.504294
-1.77818
0.504294
-1.33088
0.399602
-0.88358
0.29491
-0.43628
0.190219
0.0110201
0.0855268
